19.36 1.00 1.00
33.76 1.00 1.00
49.15 11.98 1.00
85.36 1.00 1.00
103.21 12.00 1.00
138.93 24.00 1.00
188.51 12.00 1.00
223.23 24.00 1.00
273.83 2.00 1.00
294.20 12.00 1.00
329.92 2.00 1.00
349.74 24.01 1.00
401.34 24.01 1.00
449.94 12.00 1.00
484.69 4.00 1.00
505.97 4.01 1.00
527.32 24.00 1.00
578.92 2.00 1.00
596.27 2.00 1.00
613.64 4.00 1.00
635.46 4.01 1.00
659.79 4.00 1.00
682.09 0.99 1.00
698.96 1.01 1.00
715.34 4.00 1.00
739.13 24.02 1.00
789.25 2.00 1.00
806.59 1.01 1.00
821.48 12.00 1.00
856.23 2.00 1.00
