19.39 0.98 1.00
33.75 0.98 1.00
49.12 12.00 1.00
85.34 1.00 1.00
103.22 12.00 1.00
138.94 24.00 1.00
188.54 11.98 1.00
223.23 24.00 1.00
273.83 2.00 1.00
294.21 11.99 1.00
329.91 2.00 1.00
349.74 24.00 1.00
401.33 24.00 1.00
449.95 11.98 1.00
484.68 4.00 1.00
505.98 4.02 1.00
527.33 24.00 1.00
578.93 2.00 1.00
596.28 2.00 1.00
613.65 3.98 1.00
635.46 4.01 1.00
659.78 4.00 1.00
682.10 0.99 1.00
698.97 1.01 1.00
715.35 4.00 1.00
739.15 24.00 1.00
789.25 2.00 1.00
806.58 1.00 1.00
821.47 12.00 1.00
856.22 2.00 1.00
