19.38 1.00 1.00
33.76 1.00 1.00
49.13 12.00 1.00
85.35 1.00 1.00
103.20 12.01 1.00
138.93 23.99 1.00
188.53 12.00 1.00
223.22 24.00 1.00
273.82 2.01 1.00
294.20 12.00 1.00
329.92 2.00 1.00
349.75 24.00 1.00
401.35 24.00 1.00
449.93 12.00 1.00
484.67 4.00 1.00
505.97 4.00 1.00
527.32 24.00 1.00
578.91 2.01 1.00
596.27 2.00 1.00
613.64 4.00 1.00
635.47 4.00 1.00
659.79 4.00 1.00
682.09 0.99 1.00
698.96 1.00 1.00
715.34 4.00 1.00
739.14 24.00 1.00
789.24 2.00 1.00
806.59 1.01 1.00
821.48 12.02 1.00
856.23 2.00 1.00
