19.38 1.00 1.00
33.75 1.00 1.00
49.13 12.01 1.00
85.36 1.00 1.00
103.20 12.02 1.00
138.92 24.00 1.00
188.53 12.00 1.00
223.24 24.01 1.00
273.83 2.01 1.00
294.18 12.02 1.00
329.90 2.01 1.00
349.74 24.01 1.00
401.35 23.98 1.00
449.95 12.00 1.00
484.67 4.00 1.00
505.97 4.01 1.00
527.34 23.99 1.00
578.94 1.99 1.00
596.29 2.00 1.00
613.64 4.00 1.00
635.46 4.01 1.00
659.77 4.02 1.00
682.11 1.00 1.00
698.97 1.00 1.00
715.34 4.00 1.00
739.15 24.00 1.00
789.24 1.99 1.00
806.59 1.01 1.00
821.48 12.01 1.00
856.23 2.00 1.00
