19.36 1.01 1.00
33.74 1.01 1.00
49.13 12.02 1.00
85.36 1.00 1.00
103.19 12.01 1.00
138.91 24.02 1.00
188.53 12.00 1.00
223.23 24.01 1.00
273.83 2.01 1.00
294.18 12.01 1.00
329.92 2.00 1.00
349.73 24.02 1.00
401.35 24.00 1.00
449.93 12.01 1.00
484.67 4.00 1.00
505.99 4.01 1.00
527.33 23.99 1.00
578.93 1.99 1.00
596.29 2.00 1.00
613.63 4.00 1.00
635.45 4.01 1.00
659.77 4.02 1.00
682.10 1.00 1.00
698.97 1.00 1.00
715.32 4.01 1.00
739.15 24.00 1.00
789.25 1.98 1.00
806.59 1.01 1.00
821.48 12.01 1.00
856.21 2.00 1.00
